11	P	15	15	100.0
13	G	15	15	100.0
14	F	15	15	100.0
15	R	15	15	100.0
16	F	15	15	100.0
17	H	15	15	100.0
18	P	15	15	100.0
19	T	15	15	100.0
20	D	15	15	100.0
22	E	15	15	100.0
23	L	15	15	100.0
24	V	15	15	100.0
27	Y	15	15	100.0
28	L	15	15	100.0
29	C	15	15	100.0
30	R	15	15	100.0
32	C	15	15	100.0
34	S	15	15	100.0
35	Q	15	15	100.0
37	I	15	15	100.0
40	P	15	15	100.0
42	I	15	15	100.0
46	D	15	15	100.0
47	L	15	15	100.0
48	Y	15	15	100.0
52	P	15	15	100.0
53	W	15	15	100.0
55	L	15	15	100.0
56	P	15	15	100.0
62	G	15	15	100.0
63	E	15	15	100.0
64	K	15	15	100.0
66	W	15	15	100.0
67	Y	15	15	100.0
68	F	15	15	100.0
69	F	15	15	100.0
71	P	15	15	100.0
72	R	15	15	100.0
74	R	15	15	100.0
75	K	15	15	100.0
76	Y	15	15	100.0
77	P	15	15	100.0
78	N	15	15	100.0
79	G	15	15	100.0
80	S	15	15	100.0
81	R	15	15	100.0
82	P	15	15	100.0
83	N	15	15	100.0
84	R	15	15	100.0
86	A	15	15	100.0
87	G	15	15	100.0
89	G	15	15	100.0
90	Y	15	15	100.0
91	W	15	15	100.0
92	K	15	15	100.0
93	A	15	15	100.0
94	T	15	15	100.0
95	G	15	15	100.0
96	A	15	15	100.0
97	D	15	15	100.0
98	K	15	15	100.0
99	P	15	15	100.0
101	G	15	15	100.0
103	P	15	15	100.0
104	K	15	15	100.0
107	G	15	15	100.0
108	I	15	15	100.0
109	K	15	15	100.0
110	K	15	15	100.0
111	A	15	15	100.0
112	L	15	15	100.0
113	V	15	15	100.0
114	F	15	15	100.0
115	Y	15	15	100.0
117	G	15	15	100.0
118	K	15	15	100.0
120	P	15	15	100.0
122	G	15	15	100.0
124	K	15	15	100.0
126	N	15	15	100.0
127	W	15	15	100.0
128	I	15	15	100.0
129	M	15	15	100.0
130	H	15	15	100.0
131	E	15	15	100.0
132	Y	15	15	100.0
133	R	15	15	100.0
134	L	15	15	100.0
135	A	15	15	100.0
137	V	15	15	100.0
138	D	15	15	100.0
139	R	15	15	100.0
140	S	15	15	100.0
149	R	15	15	100.0
150	L	15	15	100.0
151	D	15	15	100.0
